precision: 0.9184116329318204
recall 0.9168450132698929
accuracy 0.918
F1 score 0.9163432665429232
correct : 9180.0
total : 10000.0
test loss now: 0.2682168185710907
bnatch index: 79
 
 Results after 100 global rounds of training:
 
 Results after 100 global rounds of training:
 Train loss:  [1.843240510975873, 1.5111563351892288, 1.1322111963701469, 0.9532933032013986, 0.791965256047627, 0.716854711775981, 0.6902357591635625, 0.6299587863538845, 0.5784419196827079, 0.5539375271640957, 0.5216385296969199, 0.5051397815256061, 0.46668697775091267, 0.4366813783387388, 0.4259740999140361, 0.41518262613274964, 0.4052939546362194, 0.3945775456370836, 0.37811671157202226, 0.36945446205600807, 0.3497440247651854, 0.3392120525103748, 0.3267536412094077, 0.3237788460053633, 0.3236337408437887, 0.30555254661218784, 0.2963868454927048, 0.293460563100169, 0.2866630721745822, 0.28120255913593767, 0.28216265556489484, 0.27254687212040585, 0.269403333312124, 0.26289719930631394, 0.2662379483300864, 0.2618764828602415, 0.25574871273262983, 0.2487115530446581, 0.25018644151752484, 0.24233965042854502, 0.24196708478275478, 0.23856520317223281, 0.23293111643185646, 0.23362436753822668, 0.23559201883542344, 0.23503601028444532, 0.23117704187347435, 0.22602553030074557, 0.22719281657606505, 0.22254126129051052, 0.22399057337804656, 0.21895453531470813, 0.2199854313160311, 0.2112533199156607, 0.20743970366753717, 0.2130544550425692, 0.21363240404046469, 0.21327339371118387, 0.2090135147029457, 0.2113005297691155, 0.20766141529447008, 0.20301364960265394, 0.20291891640265727, 0.197894231090119, 0.20111184565196466, 0.1955796160584009, 0.20286974727581203, 0.19999673755236647, 0.19338758734390185, 0.19706517283372818, 0.18947990075109872, 0.19638545515443467, 0.19374190767095723, 0.19412939775868093, 0.19499653556484609, 0.18268057812511537, 0.18830430788487612, 0.1907552175554277, 0.1921893025299912, 0.1873952409956887, 0.1836252393047803, 0.18297953175988801, 0.17918246104488195, 0.18333268744806042, 0.18064506093092636, 0.17910835788255594, 0.17812141762393024, 0.17800409330163725, 0.18111213982994426, 0.17863781661923317, 0.18038098903759717, 0.17923546966310203, 0.17824798208325798, 0.17548441430500666, 0.17308735823144505, 0.17524663716155364, 0.17671411087719133, 0.17169928960331135, 0.17406135499756709, 0.17376018398453688]
 Validation loss:  [2.3264335852861406, 2.3523480068445206, 2.3468098014593117, 2.272258471131325, 2.1164546798169614, 1.9027575829625136, 1.7702866804897783, 1.6261496439352627, 1.4663686251044277, 1.3509507387056954, 1.25901899080351, 1.1757843111902475, 1.108078995615243, 1.0563773792721332, 0.9955584651324902, 0.9274943474158642, 0.8682823885604739, 0.8107948402967304, 0.7772528518391774, 0.739036612259224, 0.7034714463809505, 0.6708960986435412, 0.6491376012498512, 0.6271808332819488, 0.6091528500514102, 0.5892022319249811, 0.571264475448057, 0.5575663233180529, 0.541686775019858, 0.5326045622308737, 0.5218506892435253, 0.5069485630565324, 0.4980314333399295, 0.49132981044100604, 0.47902952944301064, 0.47109929560869934, 0.46150986060872684, 0.4568869292407761, 0.44909143573162147, 0.44314848850329874, 0.43240087846049585, 0.42847656495193925, 0.4251852021201049, 0.4172625556915299, 0.4109993893338833, 0.4095721416359303, 0.4058844267813255, 0.4035609648864482, 0.3957870326192351, 0.3913022787332302, 0.38799490829237016, 0.38294092588429335, 0.38177172609197435, 0.37399389558908314, 0.3708946883907774, 0.3695713807819411, 0.36365112269908423, 0.36332031671726134, 0.3568499825639884, 0.3524817342936293, 0.35184730289227445, 0.3468755633300753, 0.34568861910782295, 0.34418329730021646, 0.34026960068312484, 0.3357473606949206, 0.3347155874900636, 0.33311203252078864, 0.33087972358349377, 0.3264624156893696, 0.32659224975778484, 0.32403904741891887, 0.32387249237761706, 0.31974620558523753, 0.3199346165278694, 0.3149071759197686, 0.31222393173660395, 0.31330487461101447, 0.3090495916389045, 0.30847463173023426, 0.30516610695861174, 0.30223794522242686, 0.3013982339429204, 0.2994213450401439, 0.30131166088668393, 0.29665018282399985, 0.29364887187810373, 0.29361736537390976, 0.29068097295625184, 0.28842768074254865, 0.2888151403736701, 0.2872201531221653, 0.2866765317937534, 0.2848400963004242, 0.28136724676071023, 0.2796690215309935, 0.2807351035511674, 0.2783359906233381, 0.2783630436749372, 0.27514236030184835]
 Validation accuracy:  [10.049999999999999, 11.225, 11.174999999999999, 21.5, 27.825, 40.22500000000001, 47.225, 51.77500000000001, 55.275, 60.27500000000001, 61.54999999999997, 64.32499999999999, 66.15000000000003, 65.82500000000002, 68.425, 71.32499999999999, 73.85000000000004, 76.49999999999999, 77.57499999999999, 79.05000000000001, 79.69999999999999, 80.975, 81.00000000000001, 81.60000000000002, 82.29999999999997, 82.2, 82.9, 83.375, 84.07500000000002, 83.975, 84.50000000000006, 85.22500000000004, 85.47500000000001, 85.60000000000002, 85.8, 85.94999999999997, 86.45, 86.39999999999999, 86.62500000000003, 86.65, 87.25000000000001, 87.2, 87.32499999999999, 87.42499999999998, 87.825, 87.825, 87.89999999999999, 87.77499999999999, 88.2, 88.25, 88.225, 88.47500000000002, 88.40000000000003, 88.70000000000005, 88.82500000000003, 88.825, 89.07500000000005, 88.97500000000004, 89.12500000000001, 89.27500000000003, 89.42500000000001, 89.32499999999999, 89.40000000000003, 89.52500000000002, 89.55000000000003, 89.85000000000002, 89.82500000000002, 89.77500000000005, 89.90000000000003, 90.00000000000003, 89.90000000000003, 90.10000000000001, 90.12500000000003, 90.25000000000003, 90.25000000000003, 90.42500000000005, 90.45000000000005, 90.40000000000003, 90.45000000000006, 90.42500000000003, 90.70000000000003, 90.82500000000003, 90.77500000000008, 90.70000000000006, 90.77500000000005, 90.72500000000004, 90.87500000000003, 90.90000000000005, 91.05000000000004, 91.20000000000003, 91.10000000000005, 91.12500000000003, 91.10000000000002, 91.17500000000003, 91.27500000000003, 91.30000000000003, 91.25000000000001, 91.35000000000002, 91.35000000000002, 91.50000000000001]
 Test Accuracy: 91.80%
 Test loss: 0.27

 Total Run Time: 6553.2123

